0   0   0   269 0   391 0   316 0   0   0   0   0   0   165 0   0   0   0   0   0   0   0   204 0   0   347 0   394 199 0   0   195 489 0   0   0   0   68  0   19  134 0   393 0   0   228 260 0   0   292 0   0   0   0   331 140 0   0   0   189 194 168 0   248 364 0   0   180 0   177 0   365 0   0   0   95  156 391 0   0   0   177 0   218 0   0   340 0   171 0   0   0   0   312 0   58  256 0   0   
0   388 0   105 0   0   313 0   0   0   0   0   313 0   0   0   166 0   0   0   0   0   0   378 0   0   0   312 0   0   0   0   161 0   0   167 0   0   0   0   0   0   373 246 0   329 0   0   0   248 0   0   301 287 0   398 123 196 0   0   0   399 0   0   0   0   0   251 0   0   0   0   0   0   237 404 0   51  270 166 0   0   0   0   0   0   288 0   0   0   0   228 273 0   0   134 283 0   0   239 
234 0   0   411 0   0   0   0   0   380 281 0   237 0   0   0   0   0   0   394 0   0   318 0   0   0   0   91  0   0   0   0   0   0   90  422 260 215 0   0   0   30  0   0   0   0   100 0   33  0   0   200 361 292 0   0   0   169 0   0   380 156 0   211 0   0   0   0   0   0   153 357 0   158 259 326 0   0   64  0   250 233 0   0   0   0   181 0   0   215 319 0   0   103 0   53  0   0   0   0   
339 318 299 153 0   0   271 0   0   0   0   0   75  0   0   0   0   0   0   0   0   256 0   226 351 206 0   0   0   62  0   0   351 193 164 0   0   364 77  0   358 0   0   150 0   0   42  0   0   0   0   110 0   269 308 0   0   0   0   310 284 184 0   64  0   121 0   0   0   0   0   188 410 109 176 0   0   0   0   0   0   0   371 332 287 0   247 0   0   276 0   0   0   0   263 0   352 0   0   413 
0   417 394 0   0   0   0   286 170 300 0   0   0   181 111 68  0   365 0   180 0   0   95  56  0   0   0   0   0   0   0   0   217 268 0   0   0   0   173 0   396 237 0   396 446 0   0   0   0   167 0   0   34  0   289 0   0   0   0   220 278 0   0   0   0   142 0   0   0   186 0   190 0   0   271 0   454 0   0   272 0   0   0   169 0   344 0   0   406 0   0   343 0   0   0   337 0   0   410 0   
0   0   0   0   0   0   139 0   0   159 0   0   0   0   135 0   142 0   0   0   386 0   0   0   397 0   0   0   343 0   255 0   49  0   0   0   0   0   0   389 229 0   286 0   0   0   0   0   124 0   0   0   0   393 0   0   0   232 169 0   432 0   0   0   288 291 0   0   0   233 330 311 0   0   0   0   0   283 0   0   66  332 256 0   41  0   0   162 148 0   128 0   0   431 205 0   0   0   0   0   
293 290 459 109 0   0   360 0   0   375 0   228 296 148 0   0   0   203 331 0   165 333 0   389 0   181 0   0   0   0   0   220 0   365 0   0   0   0   0   0   88  0   340 0   272 128 0   0   256 0   119 0   398 221 0   0   0   272 0   0   0   0   0   0   0   0   0   293 0   0   0   354 207 0   0   0   0   0   438 0   0   0   0   0   0   0   227 227 0   0   130 320 0   0   192 120 0   0   0   0   
0   29  0   0   0   0   0   243 0   0   315 359 257 0   255 182 0   0   0   46  0   388 0   0   438 0   0   0   0   0   0   163 0   0   53  0   0   199 0   0   0   174 0   0   437 59  0   304 332 0   193 440 0   0   0   0   0   0   0   0   0   419 161 0   211 0   0   0   0   0   0   0   374 0   213 0   336 0   0   0   290 0   0   323 309 0   78  0   0   0   0   0   265 0   0   336 0   0   0   67  
0   0   225 0   0   0   0   0   0   0   0   118 0   378 156 309 0   0   0   81  0   0   0   236 0   75  0   0   0   355 269 112 0   0   0   0   0   0   386 81  0   194 435 247 137 291 0   0   0   111 0   0   257 0   0   119 331 0   0   0   0   355 0   0   0   0   0   229 0   0   0   18  0   0   0   330 0   0   0   201 0   0   0   174 234 0   51  0   0   0   0   0   0   0   0   0   0   305 0   0   
0   0   0   0   193 0   206 0   0   0   0   338 0   254 0   381 0   0   0   0   0   0   125 0   0   0   0   0   0   0   0   0   338 136 0   234 0   0   371 44  0   365 233 0   0   71  0   0   0   0   0   24  257 0   0   0   307 169 207 0   0   0   0   0   0   0   315 0   407 318 0   0   194 0   179 352 0   166 0   382 0   228 0   0   309 0   0   0   0   147 0   327 0   0   245 109 264 136 0   0   
0   0   0   0   0   0   0   0   0   0   0   210 319 0   202 0   0   180 197 0   313 0   238 236 0   0   0   0   260 209 0   0   0   0   0   0   61  0   0   0   0   0   166 0   299 125 0   0   239 0   0   219 0   0   249 0   96  0   0   0   0   0   0   0   209 245 0   147 0   0   0   0   350 0   0   0   0   0   263 0   247 0   0   289 156 300 0   0   0   180 0   0   0   0   0   0   324 0   0   155 
0   0   0   119 0   234 227 0   226 209 274 0   238 0   7   0   222 285 0   0   0   0   0   166 386 229 0   0   399 0   257 0   277 0   0   0   0   255 0   0   138 0   0   448 325 318 172 0   0   0   416 0   0   0   0   0   244 0   0   41  78  0   0   0   0   0   0   0   0   361 0   0   297 298 261 0   0   188 0   0   406 0   0   0   0   0   0   0   0   248 0   428 157 0   330 384 212 231 0   0   
359 0   332 0   403 121 0   0   316 0   174 309 0   0   0   361 0   0   258 0   0   269 0   0   0   0   0   0   0   220 0   74  0   247 0   0   106 0   0   0   390 0   0   0   244 433 236 310 148 0   319 0   0   0   0   147 0   241 381 0   293 0   404 0   0   0   306 0   0   0   256 183 0   0   341 328 217 0   0   131 0   307 0   0   232 127 0   0   0   343 0   326 0   0   0   0   60  0   0   0   
0   290 332 0   0   0   0   420 0   0   0   0   0   0   0   0   351 0   0   248 0   0   0   277 0   337 0   336 0   0   415 0   0   0   0   0   360 332 0   0   0   0   0   0   396 0   0   144 0   0   0   122 292 217 0   427 182 0   0   292 0   0   270 0   86  0   0   0   0   0   170 223 0   281 0   0   0   388 416 167 0   389 266 409 0   0   364 0   0   0   0   79  317 0   425 0   0   0   382 0   
0   283 0   249 0   0   0   0   0   0   0   0   187 0   181 287 229 0   0   0   0   0   246 0   0   0   293 0   0   0   0   365 0   0   189 259 78  0   0   0   0   160 381 208 0   0   90  164 0   460 339 262 0   278 0   68  0   0   0   0   0   0   235 0   0   0   0   0   175 130 0   435 0   0   0   0   0   405 0   0   376 281 0   0   177 0   0   0   368 0   0   0   0   0   0   387 214 0   0   0   
0   0   0   0   269 0   0   0   0   0   0   0   0   0   0   0   0   204 245 221 0   0   0   0   0   388 0   0   183 0   161 0   0   0   0   0   284 0   114 0   0   316 252 126 0   0   0   0   0   43  229 0   274 50  0   0   0   0   0   0   0   74  0   180 0   0   0   0   0   0   210 0   109 0   0   409 0   172 0   0   0   0   0   0   0   0   0   0   353 0   398 331 386 0   0   108 0   0   0   0   
0   0   0   0   153 173 304 0   0   0   0   0   0   0   174 0   275 0   0   0   195 0   337 0   0   0   0   0   0   0   0   392 0   0   0   0   95  0   0   268 0   0   0   253 0   0   393 0   0   259 0   0   0   412 113 292 0   271 274 0   201 0   0   0   187 0   0   0   0   303 248 0   0   0   276 339 0   281 0   183 0   397 0   0   331 0   0   285 0   0   285 280 0   439 0   0   0   0   0   184 
0   0   302 0   0   0   117 0   0   0   0   0   0   0   327 0   263 0   0   0   0   0   0   0   347 0   0   148 415 0   0   0   0   122 0   0   0   227 228 0   77  195 0   0   196 0   0   0   0   358 150 0   333 0   0   0   293 323 0   0   0   0   0   216 0   211 0   327 0   0   0   0   0   457 0   322 0   22  0   0   0   407 0   0   148 239 0   359 0   0   0   0   0   288 0   0   0   153 242 0   
0   278 0   0   0   0   0   0   0   0   340 0   132 351 0   411 0   197 0   0   0   0   174 0   0   0   0   0   377 0   304 378 0   0   0   0   93  249 0   0   172 0   0   0   0   0   0   0   0   0   383 0   138 0   0   259 0   129 0   0   0   0   0   0   149 178 0   426 396 228 139 328 155 0   0   0   0   0   0   0   0   0   0   0   0   0   0   0   0   210 0   0   0   295 240 0   358 0   273 243 
0   120 410 0   0   0   0   0   383 222 0   228 0   0   0   0   0   0   152 176 0   330 0   0   184 0   219 267 0   0   211 0   0   0   0   459 0   0   272 0   0   0   274 0   0   0   234 338 142 0   0   0   0   393 467 0   0   391 275 0   0   213 210 397 28  0   0   0   246 0   0   0   366 0   0   164 244 190 0   0   212 277 0   0   0   0   0   389 0   0   0   317 303 217 0   0   0   0   190 123 
0   0   0   0   0   185 0   209 304 0   79  347 0   0   0   202 0   0   0   0   0   0   0   0   0   0   0   106 0   367 401 0   322 0   0   340 249 112 0   0   0   0   0   156 0   0   0   0   0   83  0   0   426 0   0   0   0   0   0   291 0   197 0   0   0   0   0   0   0   181 0   0   0   157 0   79  0   0   0   275 285 0   0   0   343 0   0   0   270 0   0   0   0   0   0   0   0   0   0   369 
331 263 0   209 0   0   0   168 0   87  0   0   0   175 0   246 0   0   0   305 289 0   331 0   0   192 0   0   108 117 240 303 0   0   255 0   0   249 251 0   0   377 288 0   312 147 0   0   0   0   0   0   0   459 0   0   0   0   0   0   0   295 0   0   330 182 476 390 0   0   0   0   0   0   0   0   199 0   339 0   117 0   422 209 0   0   0   320 356 0   0   0   0   0   0   421 0   0   22  0   
0   0   0   0   324 0   0   457 0   0   0   0   259 0   0   253 236 0   298 0   345 358 0   0   0   0   0   0   0   0   247 0   0   221 0   196 299 0   0   146 0   0   0   296 0   115 0   94  0   0   297 0   0   0   0   292 0   204 0   238 153 47  0   211 0   0   0   134 0   0   0   229 0   0   0   0   181 0   0   335 193 0   0   0   0   0   334 394 0   0   0   0   194 345 0   0   0   370 0   0   
87  0   0   0   0   0   0   0   133 360 0   0   0   0   253 45  282 188 207 280 0   0   0   0   0   0   0   0   264 200 350 0   294 0   0   0   0   0   325 0   0   146 0   369 0   22  0   214 180 0   0   0   0   0   168 0   0   324 0   0   0   0   228 0   0   225 0   166 0   0   0   174 0   0   0   0   0   0   0   0   0   86  0   0   0   177 215 305 0   0   0   0   0   0   186 0   0   0   0   0   
195 0   400 0   290 0   0   120 0   0   0   0   0   0   328 0   317 0   101 0   203 351 112 0   351 0   0   0   152 176 328 436 0   0   0   0   0   180 269 232 178 0   0   0   133 0   0   0   193 0   297 0   0   0   0   320 0   0   0   358 339 0   0   0   133 0   0   234 240 0   0   0   0   0   323 0   0   23  0   0   0   0   447 344 0   0   0   0   249 0   0   0   180 288 415 0   0   0   0   0   
0   431 251 0   0   0   221 0   0   0   0   286 357 0   0   312 0   0   0   380 0   304 0   0   218 0   324 221 193 266 0   0   0   332 0   231 0   0   131 175 0   0   0   0   0   424 0   0   0   0   0   96  0   0   0   351 0   0   0   0   0   0   0   104 0   0   366 0   368 0   0   0   105 327 0   0   412 0   0   391 368 0   0   305 0   305 0   0   0   251 0   0   0   0   0   0   0   290 0   0   
0   0   0   0   0   0   407 0   0   367 0   0   0   325 312 366 148 0   349 0   0   0   0   79  321 25  0   0   0   0   140 318 70  412 191 0   0   160 345 266 0   99  370 0   0   0   362 0   0   0   188 315 0   0   0   321 29  0   0   37  0   267 208 213 0   0   0   0   0   0   300 0   0   143 0   0   0   0   277 0   0   168 148 0   149 0   0   0   0   0   330 235 0   128 51  0   0   0   0   174 
0   0   0   191 0   374 317 0   0   284 0   0   0   0   0   225 350 265 0   0   93  0   0   122 0   261 0   0   0   173 83  222 0   348 258 0   0   0   222 0   0   0   238 0   0   132 0   284 0   277 275 0   0   382 243 373 0   101 0   0   305 0   0   0   0   0   133 307 175 0   0   0   0   350 0   0   0   320 0   0   0   230 132 0   0   126 0   0   0   0   0   329 362 0   0   208 0   348 296 0   
0   0   0   226 0   242 0   0   0   0   436 0   0   0   103 0   0   116 239 436 0   432 294 327 0   0   435 0   0   371 122 0   0   385 82  0   0   0   0   0   267 0   143 242 0   0   358 0   30  0   0   160 0   0   346 181 263 350 238 196 0   0   56  76  0   0   148 348 309 0   0   354 0   0   0   0   0   0   0   381 0   0   230 397 0   0   114 332 416 232 0   0   0   0   82  0   0   0   295 121 
111 0   100 0   0   0   0   142 322 0   0   316 0   0   0   52  0   0   246 370 0   0   0   214 0   105 0   361 0   0   0   0   0   192 394 310 184 226 120 373 0   0   0   0   0   0   0   0   0   0   0   0   0   0   0   0   169 65  0   0   94  273 0   0   0   0   0   257 195 0   0   0   345 0   0   0   122 0   0   71  0   185 226 204 343 0   0   0   229 0   0   0   73  0   0   0   219 0   0   0   
0   0   0   176 331 0   0   426 0   0   204 218 0   0   0   0   0   0   0   0   174 0   0   114 0   230 298 0   0   0   0   250 0   267 276 0   0   0   0   0   237 0   0   0   186 0   0   0   0   0   275 0   143 161 0   0   0   0   0   0   0   0   0   0   0   0   450 267 0   0   247 135 0   0   0   0   0   233 136 0   0   95  0   0   0   0   307 388 0   240 370 0   0   0   252 0   0   0   0   0   
0   0   188 0   439 0   223 0   189 0   245 125 255 0   0   0   0   0   0   342 0   0   0   373 0   0   0   0   247 0   0   224 229 0   80  0   0   0   0   0   0   79  262 0   344 0   0   0   186 237 0   0   298 0   0   0   0   232 0   336 0   0   232 0   0   0   160 0   0   0   0   0   0   61  0   0   0   0   134 0   0   0   0   0   309 262 0   218 0   0   177 0   0   0   0   0   0   0   0   0   
0   163 0   208 296 0   292 0   0   0   0   349 85  0   0   398 0   0   303 0   0   235 398 0   0   208 297 427 0   0   471 0   0   339 310 0   0   307 0   0   177 0   90  0   0   199 204 0   0   0   0   0   238 101 0   0   213 0   0   395 224 168 0   0   324 444 197 286 0   207 313 120 0   0   0   433 227 0   0   0   288 0   82  0   0   289 113 0   0   0   0   0   0   134 0   0   0   0   169 0   
297 0   335 0   188 0   137 0   0   0   210 167 0   137 139 0   0   0   0   0   0   214 0   186 323 0   0   208 0   284 0   0   0   0   0   0   206 0   0   0   223 166 0   0   0   0   0   0   0   0   0   435 0   0   0   159 0   0   184 0   252 0   0   0   0   0   0   0   0   0   410 409 332 0   317 195 47  182 227 0   0   213 0   0   0   0   0   0   237 170 223 0   418 0   73  281 0   48  0   0   
0   0   0   329 0   184 0   382 0   291 196 0   0   0   137 0   0   0   0   0   210 0   200 417 169 0   0   0   0   0   0   374 315 138 449 0   0   230 205 0   0   0   184 0   0   0   0   0   175 0   0   201 0   0   281 246 0   0   157 0   370 0   0   336 0   328 0   0   53  235 187 166 0   0   0   0   0   0   0   0   0   0   0   435 313 0   0   212 0   0   262 421 0   0   86  398 0   0   0   403 
0   0   0   0   0   87  0   0   113 0   0   188 0   348 0   0   0   0   0   0   0   0   0   0   283 0   0   327 247 0   0   0   0   0   247 299 0   245 0   0   0   0   0   0   168 0   0   0   0   0   132 0   0   302 0   0   389 138 189 0   175 184 34  0   415 0   154 145 0   0   0   314 0   0   53  0   172 256 331 200 0   384 0   0   120 201 0   0   0   0   331 0   352 0   310 0   0   0   0   0   
207 253 0   330 0   0   137 0   0   0   276 0   0   0   268 0   0   0   0   171 0   0   0   0   0   0   0   0   149 380 0   0   457 0   0   299 0   0   0   0   0   0   192 0   0   187 0   0   224 346 0   0   0   0   313 123 0   0   0   0   0   430 308 0   0   112 132 92  0   159 177 0   0   0   0   0   0   0   0   295 0   300 0   364 185 0   207 266 0   379 0   0   405 180 0   68  0   0   0   255 
243 0   0   0   224 0   118 183 264 0   292 0   0   0   0   0   0   156 0   0   0   308 266 0   0   0   344 0   308 303 0   318 111 0   104 332 0   64  0   0   0   0   0   0   367 396 0   315 214 130 0   217 296 0   234 0   0   224 0   0   0   0   0   0   0   324 159 0   0   283 0   0   0   216 0   197 343 0   305 0   0   387 208 7   0   0   0   0   0   0   0   0   0   0   0   289 0   0   258 0   
169 0   0   0   0   0   0   0   188 0   0   285 0   352 0   0   0   0   265 225 0   101 0   285 0   206 278 455 0   0   0   0   362 0   0   0   0   0   0   0   0   0   0   234 139 0   0   0   0   0   0   0   0   82  169 0   0   0   284 311 0   0   0   0   0   0   357 0   0   0   151 171 290 0   335 0   0   0   163 0   0   0   0   0   0   0   101 0   329 0   200 0   0   0   0   90  174 464 0   195 
0   290 0   0   0   0   104 292 0   151 239 148 0   0   0   475 115 25  329 186 0   0   0   0   0   0   0   0   391 0   0   0   0   0   0   182 0   224 0   0   0   0   175 0   87  259 319 0   0   0   315 0   0   392 210 0   0   311 0   0   234 0   224 0   299 145 0   102 0   64  0   0   0   330 223 0   0   0   0   24  185 0   62  0   0   0   0   460 212 0   103 265 0   309 0   0   234 301 117 0   
441 0   212 0   311 192 297 0   345 0   0   349 0   342 159 0   95  0   235 0   0   0   0   0   0   63  423 0   51  56  103 0   272 0   0   169 0   128 209 0   0   0   0   0   0   279 367 359 0   207 0   164 0   0   0   257 0   0   0   0   343 0   0   0   0   162 377 0   180 328 0   324 0   0   0   213 64  0   183 0   0   0   0   0   230 72  152 0   59  383 0   336 431 255 0   0   0   0   0   0   
0   0   145 0   179 234 0   437 0   0   0   0   0   0   0   0   424 0   0   0   423 118 0   343 0   0   196 0   0   0   0   0   305 0   140 0   0   0   0   257 0   0   0   0   445 99  194 122 0   163 0   304 0   0   0   0   0   365 0   0   226 0   0   0   0   143 319 294 0   0   259 0   291 0   0   0   0   319 0   0   176 0   55  0   0   170 0   0   263 0   0   161 0   0   0   0   0   0   0   0   
0   333 162 140 0   0   0   143 0   0   303 0   244 87  365 0   164 0   0   0   0   0   334 0   0   200 0   0   355 195 0   332 0   386 150 303 0   485 0   0   0   0   127 0   0   111 0   339 0   284 242 0   0   184 0   0   102 66  0   0   0   396 0   0   0   0   0   0   0   106 0   162 0   0   0   83  0   0   0   0   0   0   0   0   0   386 0   0   92  0   75  0   295 0   0   0   330 141 0   0   
0   0   309 188 0   0   0   0   0   0   0   0   213 0   0   0   297 0   0   0   307 0   0   0   370 0   0   0   0   0   0   0   87  334 307 0   217 407 0   0   0   0   0   0   0   0   0   0   0   380 0   0   257 275 0   116 314 0   375 0   304 0   0   0   0   0   315 0   0   176 0   0   151 314 243 458 0   249 295 0   0   0   0   0   0   378 0   0   0   387 255 421 284 0   0   0   0   312 419 134 
120 0   0   0   0   0   0   0   0   0   0   253 0   0   0   277 0   337 0   227 0   0   0   0   0   0   461 331 0   186 0   149 0   424 0   0   244 0   0   304 284 0   163 0   0   0   0   0   0   0   0   0   0   384 131 0   0   0   228 128 0   0   383 338 106 0   0   0   0   0   436 0   0   0   0   0   0   0   0   351 64  189 0   0   222 0   0   202 0   0   0   0   0   0   379 0   0   241 343 187 
197 0   0   0   204 0   0   0   0   0   187 168 0   207 0   397 0   0   0   0   0   0   0   0   235 0   0   0   0   0   0   0   0   0   272 0   0   128 315 0   0   0   204 430 0   0   200 0   0   0   0   0   0   361 0   205 0   0   375 223 0   0   0   243 0   143 0   390 0   409 288 0   0   0   170 328 0   45  0   195 0   254 0   0   0   0   152 0   0   223 0   155 0   0   437 0   0   58  0   0   
430 0   158 0   82  0   0   0   44  312 307 0   0   209 120 0   375 0   0   413 190 0   0   0   199 0   0   0   0   0   0   0   213 146 0   0   0   258 0   29  0   0   318 0   0   0   0   0   0   203 165 0   0   0   0   0   328 199 454 0   323 0   363 0   0   0   0   0   0   385 0   0   0   306 0   191 271 0   0   0   0   215 0   274 0   0   0   61  0   0   0   0   171 394 328 0   0   392 0   85  
0   133 0   117 0   0   0   0   0   321 0   346 0   0   0   387 0   0   109 0   0   117 0   0   0   0   58  287 0   0   0   0   0   0   0   0   0   78  0   0   256 246 445 0   205 347 0   0   0   0   111 0   0   289 0   0   292 0   441 0   330 0   0   325 0   0   0   0   0   122 0   0   0   357 0   0   0   0   0   273 248 0   353 0   297 0   0   0   0   0   210 0   0   0   0   0   0   0   0   0   
0   231 0   77  188 0   0   0   0   0   0   0   0   0   0   0   266 0   0   398 222 0   432 0   0   0   0   211 267 0   359 200 84  0   0   0   0   0   0   7   0   0   0   295 0   0   0   133 0   0   124 354 350 0   0   180 0   429 248 0   0   77  0   219 282 354 139 275 0   0   0   0   0   185 0   0   0   277 0   0   0   0   0   283 174 0   175 0   0   263 0   0   0   0   180 0   0   235 0   0   
0   0   182 0   0   0   0   0   0   0   0   0   0   0   0   0   355 0   299 160 0   343 0   0   0   0   319 0   0   290 309 399 0   0   0   0   327 259 0   0   0   298 154 0   0   0   0   0   362 0   0   340 0   0   0   366 337 143 0   0   0   0   0   0   0   173 0   148 0   0   0   0   0   83  269 357 0   417 0   0   0   0   0   0   289 0   0   0   112 0   0   287 0   182 0   0   0   0   0   0   
0   390 0   0   218 244 0   0   0   0   0   0   0   0   341 169 323 0   156 0   265 269 0   318 0   433 368 0   0   0   0   0   0   0   0   0   0   0   0   408 0   393 0   0   102 0   0   0   185 98  204 0   0   0   152 0   0   0   0   0   0   0   0   263 116 0   170 0   0   247 0   0   0   428 0   113 0   172 0   54  470 0   138 0   0   253 0   156 0   230 0   187 0   0   300 0   440 399 0   0   
0   346 0   115 86  146 127 0   264 302 0   234 151 241 0   0   0   0   0   86  0   140 0   322 0   114 0   0   0   45  186 0   0   220 0   0   0   159 316 204 329 0   0   79  0   0   0   0   0   0   0   0   0   142 313 473 154 0   364 290 313 157 371 0   0   0   0   0   0   192 0   131 0   0   0   0   0   0   0   0   0   0   0   115 0   0   0   0   0   226 0   0   152 0   0   298 245 0   0   0   
0   0   0   0   0   0   0   0   259 5   0   0   0   0   28  278 46  293 0   0   0   0   0   0   110 0   370 0   0   349 344 0   163 0   0   201 246 0   346 216 114 0   0   0   0   389 0   236 300 0   305 0   267 0   297 0   234 0   0   224 142 0   0   466 263 0   0   228 0   0   276 399 98  0   0   0   0   124 155 0   0   284 0   168 0   233 160 285 0   0   150 0   145 0   0   0   0   0   0   0   
0   0   0   0   0   0   0   0   0   0   107 0   349 0   0   342 0   280 236 0   0   0   404 181 0   0   0   0   333 405 0   0   0   383 293 0   189 0   0   0   0   366 252 0   0   196 181 156 0   0   192 0   0   126 0   407 0   0   153 0   0   0   220 0   0   434 0   0   0   0   333 0   0   418 0   0   0   372 0   0   0   0   378 0   0   0   0   0   0   402 0   0   0   0   0   210 0   0   0   0   
0   455 0   0   0   177 424 0   0   363 190 289 65  0   23  0   267 0   0   0   0   154 299 320 0   0   0   377 0   401 95  0   0   0   0   0   0   0   0   0   258 0   0   0   332 103 0   0   0   266 291 222 0   0   142 0   0   0   8   282 0   348 244 0   0   330 119 0   0   0   0   0   80  108 403 0   0   393 0   0   0   246 292 0   0   272 313 0   0   0   243 194 256 396 128 0   252 0   0   313 
0   0   0   0   0   0   0   0   0   0   315 230 0   0   0   0   332 336 0   0   0   0   344 0   374 0   0   0   0   0   92  466 404 309 0   405 0   0   0   0   311 0   393 0   0   0   389 0   0   0   0   0   344 0   0   0   0   286 0   0   0   0   444 0   309 0   0   0   0   139 0   0   0   307 384 280 0   0   75  0   0   0   397 0   0   0   0   345 0   186 0   143 0   0   0   0   208 0   0   0   
267 0   0   0   0   317 0   0   264 302 0   0   370 187 0   230 72  0   0   0   0   0   0   0   336 0   0   0   0   0   225 371 0   0   173 0   0   79  0   0   0   125 243 0   0   0   325 0   0   0   0   225 0   0   0   0   0   0   0   0   0   0   219 0   0   0   310 0   0   0   0   237 370 0   0   0   0   0   0   346 0   276 239 0   212 0   222 0   0   0   145 0   0   150 0   0   0   0   0   0   
332 0   279 318 0   0   267 0   0   0   0   0   0   0   0   0   0   0   0   160 0   0   0   422 0   0   0   113 0   0   0   148 270 126 0   379 0   217 0   0   0   0   0   0   0   0   0   179 0   0   0   445 456 155 192 0   334 242 128 0   0   144 0   0   396 0   337 0   408 251 318 0   84  0   0   0   282 0   247 0   0   309 0   0   205 261 0   0   0   0   0   329 0   0   0   0   0   458 164 0   
0   230 0   0   0   0   0   114 161 383 0   189 346 0   0   122 0   0   172 303 0   56  0   194 0   0   0   0   280 0   412 0   0   0   0   0   179 0   0   0   0   0   297 0   0   281 0   0   0   0   441 0   0   0   300 0   0   205 0   188 0   0   0   0   185 0   0   264 0   0   0   238 220 0   0   0   251 0   43  174 414 0   0   0   0   399 0   180 0   259 0   0   0   0   0   0   0   383 0   0   
0   228 76  160 0   0   0   0   0   0   0   64  0   0   0   157 0   0   0   0   0   0   140 220 0   0   391 0   284 224 0   0   0   0   0   0   115 0   62  0   0   0   0   0   0   142 0   360 349 0   58  0   0   0   168 0   354 426 328 172 0   45  0   455 0   0   287 423 0   0   0   114 360 0   474 0   179 0   0   0   0   0   0   0   302 0   324 0   0   0   275 0   276 0   0   251 0   234 0   0   
0   0   165 0   0   0   134 0   159 392 0   0   351 0   0   307 297 0   0   0   0   65  0   0   215 0   0   0   0   426 0   223 0   192 0   0   0   0   0   345 0   178 264 0   274 222 146 0   0   160 0   0   0   0   0   0   283 0   0   0   0   207 133 0   119 0   82  107 0   0   0   0   175 0   0   369 0   56  0   230 0   225 0   0   0   163 0   0   0   304 300 0   0   0   404 0   0   0   0   0   
0   0   340 0   0   0   114 0   0   0   0   0   0   22  0   0   450 0   0   0   324 0   0   327 0   0   0   0   0   84  0   0   0   0   0   301 143 0   335 0   0   0   0   0   0   0   0   0   308 0   0   0   0   0   0   0   0   312 0   40  0   316 376 0   332 0   0   0   140 0   0   69  191 132 0   0   0   176 0   0   194 0   0   0   0   0   140 0   0   0   0   0   274 0   248 307 354 362 210 0   
0   133 0   0   310 278 230 0   0   0   410 0   0   143 0   0   244 257 0   0   248 383 0   237 0   0   0   0   266 0   217 0   0   0   0   389 0   0   0   317 0   0   95  136 415 0   0   73  0   0   0   188 176 0   0   350 0   0   0   0   0   0   0   0   77  168 0   0   0   402 0   287 0   0   0   0   0   255 0   0   0   0   0   0   0   458 292 0   0   196 359 289 0   283 237 0   0   46  388 0   
0   0   336 0   0   224 0   0   0   290 279 0   0   0   0   0   0   259 0   0   0   0   143 0   135 96  0   245 0   0   0   0   0   318 0   0   403 55  0   0   442 0   184 0   97  0   253 324 0   0   248 0   348 0   0   0   286 53  0   260 102 324 0   356 0   324 195 0   178 0   0   0   0   0   0   34  0   112 139 311 0   302 0   0   435 0   0   198 0   0   0   0   159 0   0   0   317 0   0   338 
0   159 0   267 0   0   345 0   0   0   0   161 0   0   235 0   0   211 287 0   0   349 0   0   248 0   0   0   253 337 0   0   0   458 358 0   0   0   0   0   0   225 0   0   0   0   0   0   0   377 0   0   0   282 0   0   0   0   0   0   0   0   383 0   0   0   250 0   0   326 217 0   0   0   0   0   0   0   0   0   26  322 0   396 0   0   0   0   32  0   0   0   0   0   0   330 0   0   0   393 
266 0   217 0   0   0   0   0   0   161 0   0   0   0   0   0   0   0   0   0   0   0   0   0   243 250 189 0   292 0   0   252 0   404 0   0   0   0   297 202 0   0   0   0   0   0   0   0   69  0   204 0   0   247 0   0   0   197 111 0   187 0   0   81  0   0   0   32  461 0   374 0   276 0   0   0   0   0   175 0   0   152 0   0   264 0   167 0   0   0   0   0   0   0   0   0   185 0   0   0   
150 0   186 253 424 171 337 184 0   0   0   0   0   0   0   0   0   148 0   0   314 283 351 0   0   202 0   0   0   0   297 0   85  0   0   126 0   0   171 112 0   0   0   0   0   0   0   158 0   0   439 0   359 0   0   0   61  0   0   282 134 0   369 0   0   0   0   0   0   0   0   285 46  0   386 0   0   292 192 0   0   360 0   0   0   266 0   0   0   0   249 0   368 0   251 0   421 254 293 0   
292 0   233 0   0   281 0   3   0   359 0   0   0   0   132 0   0   0   172 0   248 0   0   253 0   0   0   0   271 0   0   0   264 0   0   0   0   188 0   137 0   0   0   0   0   284 408 0   0   436 0   94  0   198 0   0   345 0   288 0   312 0   0   0   0   0   388 120 0   0   102 0   0   0   0   0   72  0   69  0   0   292 0   0   0   0   0   0   0   0   0   0   189 0   0   0   0   392 0   0   
0   0   262 0   0   255 172 0   0   0   0   0   0   0   0   196 0   323 249 0   0   0   280 0   0   0   0   0   0   453 0   0   0   0   0   189 328 0   0   0   0   0   0   0   0   0   0   0   188 152 201 402 0   0   255 0   0   0   0   0   267 0   450 114 0   430 0   0   343 0   0   0   0   97  0   0   0   0   0   0   0   0   224 181 0   0   0   319 210 0   0   0   0   322 420 0   0   0   228 190 
0   0   0   0   0   0   102 287 278 406 0   0   0   0   202 118 182 0   433 0   0   278 0   0   0   109 0   263 83  0   0   0   0   149 151 0   0   320 0   129 0   0   0   0   275 0   319 0   0   313 0   214 218 0   0   0   350 0   0   0   0   0   150 0   265 0   0   0   223 0   0   0   0   0   0   0   0   299 0   0   0   115 0   0   430 307 275 167 246 0   0   0   182 0   0   317 0   433 0   248 
0   92  234 0   205 0   0   0   174 281 0   153 0   0   0   0   0   0   132 411 0   0   257 0   0   0   0   0   308 292 0   0   286 0   0   0   0   163 0   169 0   253 0   0   0   0   332 226 0   0   185 0   114 0   251 0   0   0   0   0   0   0   95  0   0   286 0   12  246 462 0   60  0   0   0   0   0   336 0   203 0   0   92  337 0   0   0   0   0   422 0   155 0   0   0   146 0   27  309 212 
0   297 0   0   310 0   0   0   341 0   0   414 195 0   0   0   0   0   335 0   0   0   376 0   0   408 0   0   282 166 0   0   192 261 0   0   0   0   320 0   0   0   190 165 329 0   0   0   0   0   0   0   0   0   0   360 0   0   0   0   0   196 0   104 0   0   0   0   0   0   0   0   398 0   123 0   234 0   0   0   383 421 122 0   0   0   0   182 0   0   0   190 246 0   0   0   194 0   291 0   
402 0   0   0   0   0   160 0   0   0   0   229 0   0   0   0   0   0   260 0   0   215 312 161 0   0   0   0   0   0   0   171 349 0   134 0   0   104 263 0   0   0   379 350 0   0   0   0   0   0   0   339 320 0   0   255 119 0   283 0   293 324 0   0   329 426 0   176 0   478 263 169 191 0   365 318 0   0   0   356 0   135 0   0   0   143 0   0   0   0   0   293 347 217 0   465 0   0   165 116 
83  193 73  167 0   170 164 0   266 381 0   153 0   338 0   0   117 0   0   322 296 0   0   0   0   0   451 0   391 150 0   0   0   159 0   0   0   0   0   0   0   0   248 0   0   0   0   0   0   0   0   298 135 0   0   0   0   67  309 0   0   195 0   0   0   0   0   228 408 0   0   0   0   0   0   0   0   0   86  0   0   213 0   0   0   306 107 0   0   412 0   0   446 0   362 0   0   0   0   0   
0   0   220 203 0   0   0   200 0   0   0   0   0   0   0   0   286 0   331 0   0   0   0   352 0   0   0   0   0   0   183 0   0   114 314 0   0   390 145 239 0   0   0   0   100 0   0   84  163 407 273 0   0   0   131 58  0   0   0   0   0   0   0   314 452 309 0   0   0   252 0   0   369 0   0   0   336 0   0   0   0   0   0   0   0   116 0   435 0   214 0   0   306 0   0   275 0   0   0   0   
0   0   0   0   0   0   0   0   0   0   0   0   0   0   370 438 131 195 47  0   0   0   339 372 107 0   0   63  0   149 0   0   0   189 0   278 0   0   0   0   281 0   0   0   0   0   0   416 92  0   0   0   0   0   0   0   0   0   365 0   0   0   0   61  0   0   0   137 0   0   238 286 0   0   253 375 0   0   0   275 0   335 443 0   0   256 94  466 0   0   245 0   0   0   0   0   216 340 479 0   
0   0   382 0   0   134 0   0   0   0   123 0   388 351 0   419 0   0   0   0   0   0   0   259 0   0   229 145 0   0   0   149 112 0   188 0   0   0   461 0   122 0   0   64  0   192 357 0   279 0   0   227 0   371 0   381 182 0   348 0   0   0   0   0   0   0   0   0   0   0   480 0   306 49  0   0   0   364 0   0   0   0   0   191 0   0   0   0   0   0   186 0   0   191 0   154 0   0   52  0   
0   243 0   0   330 0   0   0   192 470 320 0   205 0   0   0   393 370 0   0   0   125 280 0   262 0   364 0   442 0   141 0   249 0   167 34  0   208 0   194 223 0   0   0   0   234 0   0   0   0   33  0   176 369 0   242 0   0   383 109 0   227 290 0   321 0   0   135 0   141 200 0   224 0   146 0   0   0   227 0   0   0   361 0   56  0   179 229 0   0   0   0   334 0   283 0   0   0   0   0   
57  167 250 195 0   0   0   0   215 321 0   0   0   378 0   0   0   0   0   0   0   389 0   0   0   0   0   0   300 199 0   0   174 0   452 0   0   0   0   381 0   0   235 407 0   0   0   0   262 230 0   0   0   252 0   307 371 0   0   0   259 203 339 263 0   0   191 0   0   0   0   0   216 313 0   0   0   0   0   0   0   157 0   0   230 464 0   284 0   0   0   0   216 0   0   0   0   90  0   330 
0   79  0   252 346 333 0   185 0   0   0   0   0   0   155 0   0   0   0   0   253 0   0   139 184 0   173 214 272 0   94  0   0   156 0   0   146 0   176 114 0   0   404 0   0   343 230 0   0   0   336 0   0   434 0   0   0   293 103 0   355 0   0   0   187 0   0   0   0   0   0   0   44  161 178 0   228 0   0   0   0   0   0   0   353 115 0   0   0   0   0   143 283 193 0   135 0   344 350 0   
0   0   191 0   0   262 0   405 425 180 0   0   0   0   0   0   0   173 0   0   133 0   0   0   0   0   0   0   0   0   223 0   0   201 318 0   280 0   0   435 0   0   105 146 0   0   0   0   288 0   0   0   0   0   301 0   0   0   317 0   261 0   450 342 432 0   0   0   0   0   0   0   0   0   414 0   344 172 0   226 154 463 0   162 315 215 275 0   179 0   0   0   0   0   0   0   114 0   0   327 
0   0   0   330 0   0   0   393 336 397 308 0   432 0   325 0   0   236 0   0   0   0   0   143 181 388 0   24  0   0   0   0   0   219 0   398 0   0   0   0   0   351 322 0   0   0   186 386 284 189 0   202 0   0   337 334 258 0   0   0   0   0   342 0   0   0   285 0   191 0   0   235 0   0   0   0   0   0   0   0   0   0   0   200 0   309 0   0   0   289 0   228 378 0   0   0   440 0   227 0   
0   0   138 0   0   0   255 0   209 0   188 0   0   0   0   0   0   0   0   0   0   83  380 0   351 343 0   322 0   119 0   0   0   0   0   0   0   0   123 438 0   0   0   0   0   0   0   89  314 0   167 0   0   0   0   0   0   0   0   0   179 0   282 157 262 0   136 0   158 0   0   0   135 0   0   0   0   319 0   0   0   333 0   341 0   162 438 0   0   0   0   225 413 0   200 0   261 0   0   0   
361 0   0   172 0   0   0   0   0   0   0   0   218 0   0   0   321 0   0   0   0   0   0   0   0   0   0   395 141 249 0   250 59  0   0   0   36  191 0   0   0   0   0   0   0   0   0   0   0   0   0   0   0   265 0   135 0   0   306 0   0   309 0   0   52  0   334 30  0   0   365 0   243 0   0   0   259 0   0   0   0   0   0   0   52  197 214 0   79  0   217 0   362 126 0   249 0   0   0   0   
0   0   0   0   127 0   331 0   0   0   175 0   0   0   150 321 266 0   0   0   0   0   86  225 0   0   91  0   0   0   365 368 0   0   295 0   214 476 126 0   0   0   0   0   141 0   205 298 333 441 150 0   0   0   0   0   0   311 228 81  232 0   116 350 0   0   98  0   212 0   0   369 214 0   186 138 0   0   0   0   207 0   215 0   333 0   0   0   42  224 117 0   0   389 0   0   0   0   0   0   
0   0   0   0   0   0   139 0   0   276 0   257 0   0   0   0   0   0   134 0   0   329 0   0   0   0   0   0   366 0   0   0   320 378 210 0   0   306 0   0   0   0   288 0   0   0   0   121 357 0   0   0   0   0   0   0   159 0   377 0   363 0   0   67  369 0   0   0   0   262 0   0   484 0   0   0   225 205 0   0   0   0   0   0   173 228 0   0   438 248 0   0   0   0   0   0   0   366 0   71  
447 0   0   0   429 73  0   0   0   0   215 0   0   0   0   0   0   218 276 206 0   0   0   0   0   0   0   157 292 175 375 0   482 196 0   431 0   236 357 0   0   0   65  0   160 0   0   0   0   0   86  307 0   0   145 0   0   0   0   81  0   109 337 162 0   444 333 0   0   0   0   0   0   0   233 0   145 0   0   16  0   0   0   327 0   0   160 0   0   206 0   298 339 439 162 0   325 0   0   0   
0   93  0   287 142 0   205 134 186 0   0   225 0   0   244 0   96  214 0   0   0   0   0   0   267 205 434 0   34  201 0   401 0   0   0   0   0   0   320 173 0   234 0   377 0   340 0   0   0   0   0   0   0   0   325 0   359 413 0   0   0   0   0   220 293 0   199 0   0   0   304 0   0   0   201 0   0   315 0   94  441 22  0   0   0   179 0   0   0   0   184 0   0   0   334 262 0   224 253 0   
0   0   364 0   0   0   0   0   0   0   0   58  0   0   0   0   0   0   244 0   232 0   0   369 0   0   409 0   0   0   0   265 0   0   0   0   0   0   0   0   0   335 0   221 0   252 443 0   0   320 191 0   0   62  0   0   0   142 429 0   0   0   218 0   220 0   0   0   0   0   145 0   70  0   399 0   0   0   181 0   333 304 236 0   283 0   330 74  0   132 0   354 0   259 0   0   0   343 127 175 
96  0   0   0   0   0   0   100 0   0   0   0   0   197 0   0   0   0   165 416 0   0   88  0   215 298 0   0   0   0   215 447 0   344 0   0   0   0   0   167 0   0   0   231 420 405 0   0   0   249 0   308 0   0   175 315 0   0   0   0   384 0   376 0   0   0   0   0   0   254 29  0   259 247 0   0   0   470 321 0   0   0   0   465 0   0   0   0   0   0   0   0   333 0   0   0   0   0   191 280 
0   0   0   0   0   0   0   0   0   0   0   0   0   0   339 339 0   0   125 0   348 0   0   0   0   0   0   0   63  350 0   193 248 288 0   0   0   0   112 0   254 0   0   0   401 186 0   222 0   206 413 26  0   0   0   236 349 0   0   0   0   141 0   376 0   286 0   0   0   174 0   118 393 355 0   0   0   0   446 0   0   223 0   0   286 0   142 189 0   0   0   0   205 0   353 0   0   346 0   0   
0   241 0   0   0   0   99  0   0   0   0   0   0   0   0   0   0   212 258 0   0   346 0   0   0   246 194 0   0   215 296 147 0   449 0   61  0   0   0   219 0   0   0   318 306 475 0   0   0   163 0   0   0   0   0   417 211 0   195 0   429 0   0   0   0   0   0   0   0   0   0   0   0   0   259 0   209 0   0   482 0   0   0   0   0   0   0   0   0   0   332 0   0   0   0   0   0   0   0   303 
215 0   416 0   0   282 0   226 0   0   0   0   0   0   0   0   225 0   0   407 0   0   0   0   0   144 289 0   0   0   157 392 0   0   0   391 121 0   0   0   218 0   0   0   0   175 0   0   353 163 0   119 0   354 0   0   0   306 0   0   0   435 143 0   0   0   0   390 198 0   60  94  0   0   244 0   222 410 114 182 0   0   206 0   0   0   0   288 0   0   0   91  0   0   0   0   0   0   298 0   
0   0   0   34  62  216 290 160 346 308 0   0   0   0   0   450 0   209 0   128 308 0   0   0   267 0   317 311 0   0   253 231 0   351 154 286 0   0   0   207 0   0   0   0   199 0   0   0   0   0   0   0   0   203 0   0   214 0   0   0   374 0   225 0   80  0   0   50  0   0   192 95  205 0   173 446 204 0   262 0   291 0   244 0   0   0   0   224 0   0   0   0   218 0   297 0   243 0   0   0   
0   397 0   0   213 0   116 350 0   94  0   0   205 159 232 0   288 202 257 329 82  0   0   0   0   0   0   239 369 0   0   0   0   376 0   0   0   0   0   0   0   0   0   0   0   0   0   0   0   0   337 0   0   0   175 0   281 0   80  0   0   0   232 0   142 0   0   0   0   254 0   134 24  0   0   394 0   234 0   0   0   371 0   295 280 0   440 0   0   0   89  0   345 0   0   0   0   0   0   0   
0   446 0   0   284 0   0   0   0   213 0   0   0   0   117 0   0   239 26  0   0   0   0   0   125 302 0   0   231 0   142 0   0   381 0   0   0   159 0   0   0   173 0   0   323 197 0   442 244 0   0   0   170 0   0   0   49  0   0   0   0   0   0   0   313 0   0   0   0   0   31  0   425 403 0   200 0   0   177 95  0   0   0   0   190 0   136 279 0   0   0   176 171 0   442 0   0   0   124 0   
0   117 0   277 0   0   0   0   0   0   230 0   0   0   176 0   414 144 212 99  0   322 0   0   0   145 118 0   0   100 0   182 128 0   0   0   340 0   0   0   0   306 0   0   0   0   0   0   392 0   0   0   0   405 184 0   136 0   118 0   0   269 0   0   332 0   314 0   158 215 0   0   0   0   0   206 0   0   127 0   0   0   0   448 0   0   0   0   289 233 257 0   256 0   0   292 0   0   0   229 
0   0   0   168 323 0   0   362 0   0   0   0   0   0   0   0   0   198 270 98  182 438 0   50  430 0   454 0   0   0   0   0   0   0   125 0   0   0   0   0   185 369 0   0   275 245 0   40  0   0   0   317 0   0   0   0   17  123 382 0   0   212 389 243 235 0   0   0   0   386 329 242 0   106 0   428 0   0   0   0   0   0   0   0   0   0   307 0   0   69  0   0   0   283 43  120 0   0   0   77  
254 152 235 0   198 340 0   0   0   0   404 0   0   0   0   0   0   199 90  269 0   0   312 235 151 228 0   374 202 0   0   0   321 0   203 173 161 0   0   288 0   301 160 0   0   401 0   0   0   0   0   0   0   0   0   0   119 0   448 116 384 0   406 0   0   300 333 0   0   0   0   158 199 0   0   0   0   0   0   0   0   0   0   0   0   275 0   0   0   298 0   0   0   399 0   119 0   346 290 0   
364 305 336 0   0   64  286 0   116 337 0   307 153 190 366 0   169 0   0   0   63  0   0   0   105 0   56  0   0   151 0   412 0   0   419 0   0   0   0   0   239 167 220 0   171 0   195 0   0   0   0   42  0   0   0   256 0   0   159 0   157 0   0   108 142 0   0   158 0   0   108 0   190 0   82  437 0   0   81  226 0   144 0   142 205 0   0   0   126 182 0   0   88  340 0   0   145 205 0   0   
