0   0   0   191 0   0   269 57  232 0   0   0   0   0   0   0   146 0   0   0   0   0   0   0   0   0   147 0   0   0   262 0   0   238 303 0   0   0   0   68  276 327 0   0   0   0   7   0   0   18  0   90  0   0   274 158 0   153 0   243 0   0   0   199 0   0   0   0   0   169 246 0   0   0   0   0   165 0   46  227 0   0   0   223 0   269 0   0   0   155 0   0   132 0   0   247 155 0   0   11  
0   139 0   301 0   0   0   0   103 0   0   97  185 0   275 0   0   9   187 0   0   0   205 0   0   40  0   102 93  0   0   273 196 82  0   0   0   279 0   0   0   0   0   0   224 0   0   0   0   95  0   0   0   0   0   0   0   227 62  0   0   149 31  0   0   0   15  95  0   134 0   0   0   0   0   0   0   271 0   185 0   0   181 79  0   0   191 0   0   0   200 0   263 0   0   298 0   14  319 0   
0   0   0   0   278 50  0   0   0   0   178 0   0   0   0   0   0   0   102 314 237 0   41  0   171 0   23  214 0   0   0   0   0   180 37  0   0   0   166 0   174 0   0   0   32  0   161 162 0   181 0   206 0   0   0   311 0   0   0   0   0   0   283 0   279 0   0   202 0   0   0   0   0   0   0   262 172 0   295 0   0   0   0   0   21  0   0   0   0   0   0   0   44  0   293 243 0   0   74  75  
0   0   17  0   0   0   0   0   76  0   0   26  0   0   0   130 0   274 0   227 0   0   0   0   130 0   0   0   309 0   2   197 188 0   0   0   0   0   0   0   21  216 263 0   46  238 10  211 28  0   19  0   0   203 0   120 71  0   0   0   34  144 0   56  254 69  0   0   37  0   0   12  0   0   0   0   0   307 0   211 0   149 217 0   0   0   0   177 0   0   0   0   0   0   64  0   0   0   0   0   
0   0   0   0   144 129 194 0   287 0   60  188 0   0   16  0   0   0   232 293 0   0   101 0   0   0   244 242 0   0   0   298 0   0   0   66  0   0   0   29  0   0   0   0   0   46  0   0   237 0   201 0   0   0   0   0   152 238 0   227 0   0   0   55  0   0   69  0   0   0   0   0   0   131 0   308 0   17  0   126 0   0   0   0   0   0   0   0   306 0   200 286 0   0   0   151 0   0   0   220 
0   0   0   0   0   121 38  206 59  0   255 64  261 278 206 0   0   0   0   258 0   157 0   280 0   0   0   0   62  326 0   0   57  0   0   274 0   0   76  0   0   0   92  0   49  0   0   0   0   0   0   0   0   0   110 0   175 0   0   0   0   0   159 0   0   255 278 0   211 271 285 299 0   0   0   0   140 0   0   0   20  0   0   264 0   0   0   0   0   212 0   208 0   0   0   0   0   7   45  0   
0   151 0   0   112 0   0   0   247 0   0   327 210 0   225 0   0   0   0   80  0   0   219 204 0   244 67  0   193 165 0   0   308 0   0   0   308 0   0   0   0   0   0   0   0   41  0   0   0   108 0   0   0   0   0   54  0   0   142 0   0   0   0   240 210 0   0   241 152 0   0   269 0   0   249 0   0   22  0   0   0   0   0   0   0   239 219 0   123 253 0   0   0   0   0   0   62  0   0   0   
0   0   249 0   0   0   151 0   78  0   0   292 19  0   0   247 0   259 0   0   0   0   230 0   181 286 100 0   0   0   0   0   247 0   0   0   10  0   261 0   208 0   0   25  0   0   0   101 0   15  78  84  0   0   0   286 276 0   0   0   0   0   0   0   204 0   171 327 284 48  0   0   0   243 10  0   241 40  122 0   291 0   147 0   0   0   0   164 0   297 0   0   74  0   279 0   0   284 0   0   
121 0   0   0   0   0   0   66  40  292 0   0   0   0   0   0   0   45  0   0   183 198 138 242 0   0   0   0   109 151 16  0   0   317 0   87  211 0   0   150 115 0   0   0   0   0   0   0   0   141 125 0   0   283 0   109 0   0   0   0   0   0   281 199 0   0   0   0   0   0   99  305 0   0   0   0   81  0   283 0   0   0   188 0   19  0   0   0   0   0   0   16  0   0   0   0   0   0   196 0   
0   0   179 260 194 104 87  235 0   154 0   0   0   0   44  0   0   261 215 0   301 79  0   0   0   0   0   134 0   0   0   44  0   0   0   52  43  0   0   81  0   0   0   285 309 0   0   0   293 0   269 0   0   147 0   321 194 0   0   0   0   0   0   0   0   310 321 0   0   0   158 0   0   0   0   0   0   0   0   242 213 88  21  281 0   0   0   0   202 0   0   0   209 249 51  0   7   0   0   0   
0   0   0   165 0   0   0   281 0   0   0   0   56  0   0   0   212 0   0   0   0   0   0   0   0   0   109 0   0   286 0   26  327 0   0   0   0   0   75  0   0   0   0   89  124 67  0   0   0   0   319 0   113 217 0   0   0   0   0   0   0   0   276 268 0   0   0   95  0   286 272 0   0   49  0   129 33  0   0   84  0   0   0   250 0   0   0   27  0   188 133 0   0   0   309 0   0   0   0   0   
0   197 0   0   0   0   1   0   0   0   0   279 0   0   0   0   141 0   0   0   0   110 0   166 0   0   27  0   0   0   0   0   0   0   0   0   0   0   143 72  0   0   0   0   0   35  121 170 0   0   0   0   0   275 0   0   240 0   0   277 0   0   0   0   0   0   0   75  0   0   0   0   0   0   0   0   0   0   265 0   58  0   0   81  90  0   268 0   2   0   0   281 0   83  160 0   25  0   0   0   
0   0   0   24  0   134 61  0   0   172 274 0   0   48  176 0   0   0   0   0   0   194 96  257 304 84  0   0   48  117 125 0   290 0   0   87  0   0   260 159 183 0   0   0   249 0   0   0   0   0   81  0   0   199 64  0   141 0   57  0   232 0   15  11  0   0   0   0   0   0   0   0   0   0   0   0   166 0   300 0   0   154 0   0   0   169 0   181 0   0   236 0   0   179 0   216 0   0   0   0   
0   120 243 0   0   0   0   0   0   0   0   60  0   0   0   0   0   0   145 0   0   264 0   102 0   0   0   176 0   0   0   194 0   0   0   213 0   0   31  0   0   0   0   0   0   0   0   156 0   150 0   0   39  48  0   0   0   270 0   0   0   0   0   0   120 170 129 206 0   279 0   118 0   256 0   0   0   0   135 0   0   0   0   0   0   0   219 0   0   0   105 0   0   0   0   77  0   0   190 0   
110 7   206 0   124 0   193 0   0   181 0   0   7   0   0   92  273 97  0   0   0   0   0   53  219 291 186 0   0   0   320 0   0   200 0   0   122 72  0   0   0   150 0   0   0   32  0   0   0   325 292 0   284 0   239 0   50  0   0   271 20  0   0   0   0   189 0   0   0   26  0   14  0   0   0   0   0   0   0   0   0   288 0   0   0   242 0   197 0   223 0   0   0   186 0   0   0   291 80  0   
0   0   0   0   0   0   242 0   0   313 246 0   200 319 0   282 0   188 0   188 0   0   0   219 146 216 19  244 273 0   0   0   0   276 0   0   141 0   246 0   0   0   0   241 127 0   205 0   0   0   160 87  0   0   0   0   0   0   87  204 33  0   0   230 0   0   0   32  0   0   0   0   270 184 0   0   139 0   295 299 0   0   248 0   89  0   0   248 0   0   0   0   0   106 0   0   184 0   316 0   
0   194 0   0   271 138 0   0   225 0   0   0   0   94  268 0   0   0   0   296 0   172 300 0   0   0   0   84  0   0   268 0   0   0   80  268 0   0   0   0   0   293 0   0   235 0   0   0   0   0   8   0   0   0   0   0   196 0   216 190 0   0   0   326 0   0   0   0   0   0   0   0   0   236 201 0   239 0   0   0   0   149 200 200 94  281 0   0   0   320 0   0   0   0   0   0   263 0   184 67  
0   0   0   0   0   256 130 0   15  98  0   0   94  0   154 298 0   0   0   267 316 0   0   0   0   194 0   0   0   126 39  18  0   0   0   0   0   0   160 0   130 0   0   186 0   0   0   0   296 0   261 252 0   0   0   270 226 0   0   322 0   0   0   209 184 0   0   0   55  0   226 0   0   327 0   0   0   0   292 0   0   0   267 0   0   125 21  0   0   0   0   0   0   0   116 0   0   129 0   195 
0   191 0   0   0   0   0   0   163 0   0   0   0   290 0   0   0   0   0   272 0   0   0   171 0   136 326 0   0   0   0   0   0   6   255 254 201 0   0   0   44  0   108 0   0   309 282 0   226 0   139 198 0   0   16  0   0   0   0   0   0   0   178 0   0   0   0   0   0   25  264 0   0   0   286 176 0   0   0   0   312 0   0   0   255 308 35  0   0   144 0   0   0   0   212 50  0   0   0   0   
0   251 226 0   0   0   0   0   0   0   0   0   109 172 0   0   0   0   0   0   0   0   0   0   0   109 0   241 0   208 0   0   0   0   0   0   320 0   0   0   35  192 61  0   0   0   0   0   0   179 0   0   106 0   0   0   277 0   160 0   6   151 0   0   0   0   8   0   176 0   0   230 0   16  0   0   0   0   0   0   0   0   7   0   0   118 0   0   0   0   0   0   0   150 0   0   50  0   0   0   
294 141 94  0   0   0   0   0   0   0   0   0   0   0   251 0   0   320 0   225 0   296 0   0   0   63  0   0   0   0   0   0   0   0   0   46  0   137 0   250 0   0   0   0   0   0   0   0   139 0   0   177 0   0   0   0   101 0   0   316 0   0   0   0   0   0   0   0   0   250 119 0   0   0   55  0   0   0   144 154 0   0   148 0   0   0   326 0   0   0   152 0   0   0   0   327 0   24  0   225 
0   0   224 0   203 0   0   180 0   0   0   0   115 0   0   0   0   0   266 0   206 0   0   0   0   270 0   316 0   0   220 0   0   31  118 269 67  0   210 163 0   164 97  0   154 309 0   187 313 166 0   0   0   0   89  0   0   0   237 0   0   0   0   63  0   0   0   0   0   0   0   0   255 0   0   203 0   0   0   0   0   0   0   0   266 0   0   0   64  0   273 173 0   0   0   23  0   0   0   0   
70  279 0   0   0   68  0   53  52  0   155 0   0   0   0   0   327 0   20  45  326 0   0   0   0   225 0   257 0   0   0   0   0   0   83  187 182 0   0   214 63  0   0   0   0   308 148 261 0   0   1   0   0   0   0   294 163 0   22  322 22  0   325 0   0   0   0   0   0   175 72  0   0   23  320 0   0   0   0   164 181 0   0   0   0   0   0   0   234 0   0   6   217 56  0   317 0   0   61  62  
0   0   0   131 0   0   0   0   0   0   289 0   0   299 0   266 79  0   0   0   18  0   238 0   0   0   65  0   0   0   0   0   0   0   0   0   0   302 0   0   122 0   0   0   104 105 92  0   0   0   0   0   0   0   142 0   127 0   0   307 244 142 201 0   73  0   233 0   0   190 0   0   0   0   0   0   0   0   0   0   0   0   0   0   0   86  185 0   0   278 0   232 0   0   303 0   0   251 0   174 
0   0   32  0   272 89  0   0   0   0   236 321 8   0   109 166 0   0   0   0   0   108 0   123 0   0   295 0   0   0   39  76  180 0   145 5   0   102 59  0   0   0   327 52  0   132 35  0   0   111 165 0   0   187 0   326 0   63  0   0   0   0   0   288 0   316 6   0   280 246 0   0   0   0   78  315 0   0   263 288 0   0   0   0   0   124 172 0   0   282 0   0   0   125 0   221 0   100 0   0   
0   49  276 51  0   0   0   0   0   269 199 0   0   264 0   243 0   213 0   0   0   0   0   164 0   117 0   0   0   0   0   0   170 0   0   68  324 12  0   71  0   266 0   0   0   0   96  0   0   0   0   0   0   0   0   0   0   0   0   83  0   0   259 319 272 0   262 0   0   0   200 319 0   276 0   0   0   0   0   0   0   12  67  0   0   0   0   15  0   0   0   292 168 0   0   0   0   0   230 0   
0   101 0   0   0   0   0   0   0   0   177 0   0   0   0   123 0   0   20  0   0   0   0   146 278 77  0   0   0   245 0   0   0   0   239 0   0   0   0   0   0   0   0   0   0   0   284 0   272 0   201 0   0   182 0   0   0   0   17  197 4   0   0   0   0   15  118 189 0   0   0   0   245 0   141 126 269 0   0   0   140 0   0   0   40  0   74  0   167 0   224 0   0   0   164 0   0   0   210 0   
186 0   0   0   265 252 0   2   252 0   9   29  0   0   0   0   0   0   296 186 0   0   0   0   0   0   236 0   0   0   317 0   124 0   327 285 196 0   0   0   0   0   0   0   0   186 0   0   195 22  27  0   0   269 277 0   40  0   0   200 311 193 0   0   0   0   0   0   275 103 0   18  0   0   0   0   0   0   248 0   0   0   307 55  0   0   0   241 0   0   0   122 242 0   0   0   230 0   0   267 
0   219 201 0   0   0   0   0   0   0   220 0   0   0   108 192 145 0   171 100 0   145 0   0   0   0   153 203 62  0   0   14  0   0   0   217 0   0   0   0   0   251 0   0   141 0   0   89  308 0   0   39  0   0   114 0   0   0   0   83  0   0   0   0   68  158 0   0   0   60  101 0   182 218 0   0   0   0   0   0   0   214 222 299 0   0   0   0   163 0   215 181 0   0   228 47  0   12  0   0   
0   0   0   0   0   0   103 0   284 0   0   0   0   0   232 0   30  0   235 0   50  276 0   245 0   0   0   0   0   0   0   0   0   0   182 0   66  278 0   88  199 0   0   0   0   0   0   229 0   0   0   69  0   0   293 0   0   12  0   0   134 0   62  202 0   0   0   0   11  76  0   176 60  0   0   0   83  211 0   104 10  143 0   0   0   0   158 0   0   0   0   0   0   0   0   0   0   37  0   0   
0   0   168 0   107 0   190 63  0   0   0   0   0   51  167 0   0   0   0   174 0   0   246 103 201 0   0   0   67  0   0   0   0   0   0   0   289 0   0   314 0   0   22  0   0   106 0   275 0   44  0   0   310 0   0   0   0   80  0   125 0   322 0   313 88  0   0   0   0   63  249 0   263 0   221 0   0   0   0   0   79  0   0   0   0   169 0   0   194 0   0   0   0   0   296 0   0   0   0   238 
280 0   177 0   0   31  0   0   0   133 0   235 0   0   0   0   0   0   320 0   0   0   19  0   0   0   0   0   317 321 154 0   0   0   0   205 0   0   0   0   154 0   160 240 287 0   0   0   0   0   0   307 314 0   22  0   0   128 0   0   0   0   0   203 0   281 0   0   0   296 0   0   0   0   327 0   0   263 0   0   0   191 0   0   201 278 0   0   121 0   182 0   0   0   0   244 0   0   139 0   
0   0   32  0   57  9   0   0   0   0   323 0   0   0   0   0   0   5   0   0   0   0   197 21  0   0   0   0   0   0   66  0   0   0   270 0   0   263 0   0   0   0   72  0   315 0   0   0   316 0   0   0   239 295 220 0   0   177 143 202 0   0   0   0   234 0   0   0   0   0   0   0   0   189 0   0   0   0   0   0   0   0   0   292 30  0   325 0   0   0   0   243 0   194 219 270 65  0   0   276 
0   0   0   0   0   25  0   181 221 0   0   0   0   0   0   103 0   233 0   21  0   255 314 0   205 0   24  238 224 242 0   0   61  0   214 154 0   0   280 0   0   0   0   147 0   249 0   0   0   0   320 0   24  0   0   0   4   0   0   113 312 0   0   185 0   0   0   0   0   0   0   172 169 0   22  155 0   0   0   228 0   0   0   50  257 0   171 113 0   0   0   0   0   0   197 243 0   131 57  0   
28  0   0   0   0   0   37  58  0   0   175 0   0   254 291 33  0   0   222 0   0   0   0   0   0   74  217 205 206 0   0   0   18  0   0   0   104 0   0   103 178 0   0   59  246 0   0   203 0   0   300 0   121 19  0   0   180 0   0   0   0   145 0   0   0   35  0   0   284 0   0   199 0   120 90  0   316 0   110 262 109 0   101 0   0   0   151 138 0   0   0   0   72  0   276 0   127 0   0   0   
0   0   229 164 0   0   183 206 0   0   176 0   65  0   0   0   6   68  0   0   0   0   249 0   246 197 0   164 0   0   216 305 0   0   0   0   0   0   148 0   0   87  201 0   0   0   278 169 0   0   100 0   0   0   61  0   152 0   326 212 324 274 0   294 161 0   0   311 60  0   274 0   30  0   0   0   307 0   10  0   0   0   0   0   0   226 0   0   7   247 0   164 0   230 91  12  0   0   0   4   
53  0   216 320 0   307 0   315 177 121 232 0   0   0   0   15  0   68  0   0   0   75  0   307 0   299 0   0   0   308 0   0   0   0   0   0   0   0   316 0   0   0   219 0   303 0   0   0   103 0   190 312 230 152 0   0   0   0   0   65  0   0   0   0   250 0   18  0   80  0   0   28  0   0   0   0   0   74  0   167 27  0   190 30  0   0   11  0   0   0   177 0   282 0   0   0   0   72  166 1   
0   0   276 0   0   0   0   0   0   44  278 191 203 0   55  284 0   0   86  0   260 92  0   0   0   0   0   0   0   0   0   0   0   0   0   0   0   54  241 0   0   0   0   82  0   143 85  0   0   0   0   133 289 0   0   0   0   0   270 0   0   0   0   24  0   0   0   65  0   0   168 0   83  276 0   273 177 0   0   0   75  126 0   0   5   0   0   0   0   92  40  0   0   0   0   0   73  0   188 61  
0   283 113 0   182 0   168 0   0   0   0   0   0   0   0   0   66  159 0   45  0   0   140 0   200 0   0   0   0   0   164 0   0   188 0   239 0   0   0   0   0   0   106 126 0   0   58  70  0   0   0   0   239 0   0   38  0   101 0   0   0   0   0   0   0   0   0   0   0   0   0   297 317 100 0   0   148 0   51  0   0   0   0   0   0   97  229 0   69  0   80  0   0   0   0   0   280 0   325 0   
0   229 0   264 0   0   0   0   210 0   0   0   0   0   0   0   0   159 0   0   301 27  64  146 131 0   0   149 0   58  0   169 0   0   0   0   0   0   0   317 0   0   0   0   303 0   0   0   0   0   222 0   0   0   68  247 0   0   0   10  0   0   0   0   0   0   0   39  0   187 0   0   286 0   0   0   0   97  0   178 0   0   0   146 59  0   0   0   217 0   0   327 0   0   0   72  123 0   0   123 
0   0   0   0   0   0   0   33  0   0   0   0   0   3   60  0   0   0   0   160 286 0   0   0   111 0   0   0   53  214 0   0   0   0   0   0   0   0   0   21  58  47  271 81  0   259 0   0   0   0   0   252 0   4   0   0   0   263 206 0   267 0   0   0   134 0   258 63  0   175 0   269 0   287 196 0   308 203 0   215 278 70  0   0   293 0   0   0   82  0   0   18  0   0   0   48  302 0   0   0   
0   0   0   0   127 302 0   0   0   0   75  28  0   295 0   208 0   160 0   0   0   161 222 248 70  282 131 0   121 0   296 0   17  0   0   0   0   301 245 0   0   0   0   0   129 51  75  0   0   0   269 0   59  0   0   0   0   0   0   0   134 0   0   0   0   0   156 0   0   169 8   228 0   0   94  0   0   32  0   0   0   0   171 0   25  192 120 0   63  0   0   0   0   0   0   0   108 0   0   52  
240 140 0   0   174 0   0   178 0   0   0   0   0   0   0   203 0   0   0   0   149 0   34  146 0   0   0   0   0   0   0   0   281 171 0   0   44  125 0   27  189 212 0   0   0   0   0   0   0   0   0   0   247 223 265 271 0   0   167 228 0   0   47  0   143 0   87  131 0   126 0   0   0   0   0   0   0   202 0   42  241 0   0   0   288 122 7   0   244 0   0   46  0   0   0   0   0   0   301 0   
0   150 0   0   326 0   0   258 0   119 0   0   0   0   133 0   0   0   0   0   0   181 0   0   90  316 283 153 0   0   0   0   0   0   0   233 301 52  26  292 257 0   0   202 0   87  191 0   0   109 0   0   0   0   0   0   64  94  0   95  0   0   0   234 0   179 0   0   0   79  0   0   287 0   0   0   290 0   0   265 0   0   0   28  0   232 0   30  239 0   32  0   0   0   0   0   0   0   0   0   
0   292 227 62  0   0   175 0   0   0   199 0   300 162 0   26  0   255 178 0   0   277 98  0   0   0   0   53  0   0   0   35  0   0   0   140 0   0   250 0   0   0   0   0   0   0   0   0   0   0   131 191 0   264 0   138 16  0   0   0   0   111 318 12  0   151 0   0   0   0   0   0   0   81  0   0   0   0   0   0   130 0   0   0   225 0   0   0   249 239 0   258 0   0   0   97  0   80  0   5   
0   0   257 41  84  0   88  0   0   0   0   308 0   0   0   15  0   0   109 0   116 226 161 108 0   0   226 214 0   114 0   94  0   0   0   0   0   315 0   0   272 0   0   236 0   0   0   0   0   0   176 0   187 0   0   309 0   0   0   39  0   0   0   0   143 114 0   0   187 0   0   0   0   0   106 0   0   0   0   0   0   0   0   0   27  255 276 0   0   327 156 0   253 0   0   0   0   0   0   0   
117 0   0   0   108 0   0   0   156 0   241 0   0   0   0   0   275 0   80  0   0   0   0   0   0   293 275 0   43  0   82  0   46  0   90  0   0   4   314 0   110 0   0   0   0   0   0   0   168 40  159 50  318 0   134 0   0   139 0   204 0   0   224 190 0   268 294 0   0   0   41  0   0   0   0   196 0   134 214 0   0   140 0   0   6   222 0   261 0   0   0   286 0   0   0   0   0   0   0   41  
9   0   0   204 0   165 0   0   0   0   244 0   0   306 0   285 0   0   196 293 0   0   0   32  0   301 0   0   17  0   0   0   0   0   0   0   224 266 253 0   197 240 0   0   67  0   0   103 285 0   0   0   205 0   0   0   192 0   0   0   0   0   0   0   0   197 300 0   0   0   0   137 105 0   0   200 0   0   172 0   246 0   0   167 160 0   242 316 0   311 0   0   0   0   0   0   0   0   0   0   
0   0   0   277 0   0   0   242 0   0   110 0   0   0   0   0   0   0   0   182 0   0   0   142 57  236 178 0   0   0   249 0   146 0   0   77  0   0   131 93  54  238 0   0   297 167 0   0   0   256 0   0   0   0   0   0   0   0   0   0   0   232 0   104 0   0   0   0   0   0   0   0   0   50  0   74  0   0   0   0   165 223 82  0   0   0   0   0   0   276 0   0   0   0   30  310 0   292 0   205 
315 0   0   0   0   106 0   0   0   0   0   0   0   0   99  0   0   227 0   0   81  172 0   0   0   58  0   95  0   301 4   183 0   0   262 0   0   0   0   0   66  0   179 159 42  318 0   0   98  0   0   0   0   313 249 0   0   12  0   282 0   88  0   0   0   0   0   0   0   0   0   315 0   0   0   0   0   0   0   153 0   0   156 0   0   0   0   0   18  2   68  0   209 0   274 0   0   0   0   251 
0   0   0   326 0   98  186 0   158 65  0   179 0   0   211 0   0   212 0   32  209 76  0   0   46  0   0   0   0   320 0   177 0   0   0   0   0   12  0   85  0   0   24  0   0   0   0   0   308 218 0   205 76  0   105 131 186 28  0   169 0   141 235 0   0   0   298 122 132 0   0   240 0   152 0   251 0   0   278 0   0   0   250 0   0   180 220 0   129 71  0   0   151 0   0   0   0   0   0   0   
18  0   311 121 7   0   7   0   31  0   0   176 0   0   0   153 0   0   112 0   135 0   0   0   0   0   0   0   244 0   227 316 216 0   65  78  107 0   0   0   0   99  38  0   0   0   232 119 0   0   0   54  0   296 0   0   95  0   304 0   0   174 60  0   0   162 0   48  0   0   119 0   0   0   0   0   0   115 311 0   0   50  0   0   52  0   249 150 275 0   292 246 0   61  0   0   0   0   0   0   
0   87  0   0   25  301 0   0   0   322 100 0   0   0   0   0   0   0   288 210 0   0   301 293 0   0   0   320 0   0   0   146 0   0   0   0   0   0   199 0   0   140 0   0   0   0   0   133 206 0   0   0   308 258 0   0   156 0   44  0   0   36  30  182 7   0   0   0   0   326 0   0   0   117 126 0   0   0   38  0   244 0   200 0   0   0   120 88  232 0   0   0   0   0   184 32  0   84  0   0   
0   0   0   0   74  0   0   0   109 159 0   27  144 0   0   0   0   0   0   0   0   310 0   113 0   30  171 0   0   109 0   0   0   199 0   0   94  312 0   0   255 154 6   53  0   0   0   0   295 0   0   0   181 0   0   0   205 304 0   77  324 0   0   325 0   57  0   162 7   325 125 0   0   0   29  0   0   0   106 0   0   235 0   0   154 229 0   124 0   184 0   0   0   93  0   43  0   0   0   0   
310 0   0   0   0   0   0   0   0   13  0   0   147 0   0   0   0   24  0   0   0   0   0   0   0   0   0   0   250 186 0   82  0   0   11  0   0   251 0   0   0   0   197 252 0   0   0   0   0   0   282 0   44  146 0   0   0   0   0   0   0   87  130 0   0   195 0   0   0   0   204 0   0   0   0   242 106 0   0   0   0   0   0   75  0   208 305 0   75  214 0   291 118 0   0   0   0   0   0   0   
0   0   0   280 0   0   0   163 0   210 0   0   66  0   179 119 273 0   0   198 0   0   0   0   0   0   173 90  0   54  70  0   133 0   239 0   212 0   321 107 234 0   175 159 0   0   0   0   0   270 120 0   0   254 268 0   0   282 217 0   193 0   0   0   304 0   280 227 0   241 0   0   0   0   0   0   0   0   0   0   0   0   156 0   0   0   0   165 172 322 0   0   139 0   0   0   0   0   0   0   
301 304 0   194 135 0   0   54  0   0   315 136 0   214 0   0   0   260 0   260 0   0   7   161 0   0   0   0   0   0   0   0   0   295 0   54  0   0   0   0   105 218 0   0   0   0   309 0   239 0   103 0   0   0   0   0   0   314 213 0   0   0   0   0   0   0   268 0   30  0   150 0   0   0   107 152 0   155 0   0   0   0   0   0   0   297 0   0   0   213 0   232 300 0   0   88  54  0   0   191 
0   0   0   0   0   0   179 0   14  197 57  81  274 41  0   0   0   0   0   0   0   137 0   0   0   0   0   0   0   0   0   0   238 0   0   0   118 0   228 0   0   0   0   61  281 262 0   0   157 0   0   0   0   0   0   0   256 0   0   134 0   0   0   259 237 0   71  0   0   102 47  46  0   0   324 0   0   257 283 0   0   0   0   0   62  266 6   0   29  0   0   83  203 198 0   0   0   0   0   149 
0   0   0   122 0   0   17  115 0   296 72  0   36  0   0   0   300 114 6   28  44  0   0   0   0   10  0   151 317 0   0   0   185 0   79  0   0   269 0   0   0   297 217 0   27  0   0   121 0   0   0   0   0   0   0   0   210 0   104 0   0   0   0   174 0   0   0   0   0   0   297 0   0   0   0   0   0   0   42  263 0   0   0   0   0   0   0   307 0   65  302 305 0   312 0   0   285 0   0   0   
0   0   0   0   323 0   0   0   0   264 0   0   182 0   221 0   0   0   0   0   175 0   0   204 0   0   0   0   0   0   0   0   0   0   89  0   326 0   168 199 0   232 126 57  0   0   74  0   0   114 0   0   0   0   0   0   292 0   0   206 148 0   0   235 172 0   36  0   0   0   106 0   0   0   0   0   6   0   147 40  0   0   0   0   0   0   0   0   18  0   0   0   221 0   237 0   316 112 165 0   
324 0   0   0   0   0   94  0   0   0   150 38  0   196 0   0   287 125 243 0   0   0   271 0   0   0   0   0   0   6   214 0   0   197 63  0   0   0   0   237 0   154 0   0   315 0   0   290 0   0   0   0   0   0   92  94  0   0   0   0   0   0   0   0   0   72  137 55  0   146 0   0   0   0   0   0   0   0   0   0   0   0   144 64  0   280 275 0   0   0   299 22  0   0   0   106 0   109 46  315 
0   190 0   80  0   0   0   0   0   0   0   6   0   0   0   0   226 0   0   0   0   110 0   0   0   93  0   279 0   218 152 0   174 0   0   284 252 0   149 0   24  0   0   108 250 0   0   288 0   119 0   201 0   0   0   0   0   0   182 0   0   0   0   229 0   0   0   0   0   0   169 244 0   188 147 0   0   0   169 0   0   0   0   0   37  212 0   181 0   0   0   0   0   29  107 0   0   0   0   0   
0   0   0   0   0   0   0   242 93  137 218 0   44  183 75  0   0   0   303 0   0   0   129 254 0   288 275 0   0   0   0   232 0   176 0   0   0   0   264 0   76  0   0   0   0   0   0   305 0   0   0   315 0   0   0   0   320 0   285 0   142 0   0   0   0   0   0   0   0   17  99  140 0   0   0   0   0   0   1   0   157 323 113 0   290 122 0   0   0   0   0   215 0   0   0   0   51  0   0   0   
210 0   0   88  0   0   0   0   0   0   0   0   267 112 0   207 0   120 210 0   0   0   0   0   0   0   243 0   109 0   254 0   0   152 0   0   262 0   125 69  212 0   0   300 301 248 0   0   0   0   0   0   0   0   0   0   0   0   291 134 303 0   0   0   50  0   0   0   0   55  325 0   0   182 0   0   0   0   131 0   0   0   0   0   0   0   0   0   229 0   27  0   0   161 0   0   0   210 0   0   
0   0   303 43  30  0   0   137 0   0   50  0   316 74  61  0   0   0   246 0   0   119 0   0   138 0   0   184 0   0   0   264 0   0   324 308 165 0   0   0   209 113 57  0   0   0   137 0   107 0   0   170 0   263 0   0   144 0   40  230 0   177 0   0   0   0   71  0   0   124 0   0   250 0   0   37  0   0   0   0   7   0   183 0   0   0   194 0   0   0   0   159 0   204 266 0   0   233 0   0   
0   4   0   0   0   0   0   0   0   0   0   0   59  0   190 266 327 53  0   0   321 0   229 0   251 0   46  247 251 0   0   0   0   0   0   47  2   108 0   0   0   0   0   0   0   0   0   0   0   0   2   55  0   0   0   0   93  71  0   92  0   0   0   254 0   244 0   0   0   0   0   0   0   0   0   0   0   0   175 0   0   0   0   0   0   0   23  0   153 269 0   0   184 42  0   0   0   0   0   72  
0   0   315 0   0   0   298 0   268 0   0   81  0   0   0   173 0   141 0   0   305 0   139 0   20  0   0   0   0   0   228 20  135 0   153 200 228 0   0   167 0   0   224 0   0   126 63  0   83  304 0   0   0   0   314 260 0   0   0   0   148 0   0   0   213 0   254 279 0   0   0   0   0   0   48  0   13  132 0   281 0   0   39  157 186 0   120 0   177 24  0   78  0   0   86  0   0   0   0   0   
0   0   0   0   0   0   0   0   0   0   0   0   0   40  0   0   266 0   0   0   311 0   0   184 0   236 0   0   0   0   325 0   121 0   0   0   0   0   277 0   285 64  0   0   284 0   189 0   0   135 0   0   0   0   0   287 0   116 146 0   196 0   129 0   26  106 0   102 0   0   0   50  0   0   267 113 0   129 0   0   0   0   203 0   0   0   322 5   0   0   0   185 72  0   313 0   0   0   0   246 
5   0   0   0   219 97  0   0   0   0   0   249 53  0   0   0   0   192 0   0   0   0   0   0   306 135 0   0   39  322 250 0   0   304 0   46  223 0   315 0   0   0   17  0   0   183 0   0   0   0   0   0   233 64  298 0   0   0   0   303 0   0   288 230 0   0   0   0   0   0   0   0   0   0   0   149 143 0   0   204 258 0   0   0   0   0   163 0   215 0   167 0   0   0   3   178 0   0   3   0   
243 0   0   325 0   131 197 0   186 311 0   157 0   0   0   0   18  0   105 0   291 192 0   300 0   0   0   0   185 0   269 0   0   0   195 0   227 0   0   0   0   143 0   124 0   102 308 187 87  0   0   161 0   0   0   307 0   0   0   0   0   0   0   0   0   0   0   242 0   136 0   0   0   0   0   209 258 0   79  0   0   0   293 0   0   267 0   0   0   0   0   0   8   0   305 226 290 159 113 270 
111 0   0   0   152 207 294 0   0   0   0   251 157 0   0   0   0   294 0   0   0   0   0   159 192 0   0   0   300 104 297 0   0   0   0   0   68  0   0   0   0   282 0   309 0   139 124 0   34  0   0   0   0   264 147 0   0   0   305 0   0   83  0   0   72  0   0   0   0   0   171 0   0   0   0   258 0   0   0   0   0   228 0   0   0   116 268 6   0   0   296 0   44  97  220 0   52  0   0   0   
0   0   0   0   0   176 169 0   0   0   0   104 327 0   24  0   37  159 0   33  0   0   0   0   19  0   90  162 0   0   248 0   0   0   0   0   159 0   0   0   0   0   0   0   0   0   0   0   88  73  0   0   198 154 0   0   0   168 0   258 85  0   0   0   0   0   321 0   0   222 0   94  32  54  147 97  72  0   0   15  158 0   63  0   0   0   0   0   0   0   252 0   0   271 0   297 0   0   0   190 
0   0   0   0   0   0   0   0   0   0   0   0   0   26  114 0   0   297 14  0   0   46  0   0   0   0   99  0   262 0   52  0   0   273 0   0   54  42  0   0   0   0   0   0   0   0   99  0   0   0   0   321 246 292 2   322 0   0   0   194 274 0   0   88  0   0   0   27  71  0   249 17  315 0   0   256 282 0   256 0   140 61  0   0   0   0   160 107 146 0   0   0   156 21  0   115 0   215 0   0   
0   0   0   0   220 148 0   0   0   0   307 258 0   0   0   0   220 0   0   0   0   0   0   107 0   11  276 120 0   144 0   308 0   0   0   85  0   0   0   41  239 0   0   0   44  0   0   81  199 0   0   0   152 132 319 0   0   0   0   0   0   150 0   0   0   0   0   0   181 36  0   187 0   0   0   0   0   307 3   0   0   280 0   0   0   168 0   0   57  51  0   0   0   110 0   0   0   249 0   0   
0   0   176 0   62  200 0   0   236 0   0   31  0   64  232 229 0   0   0   0   247 160 49  191 150 208 0   0   0   0   0   0   278 0   0   0   0   194 0   68  0   119 0   0   0   0   0   0   0   0   1   0   0   0   0   53  0   0   0   0   0   0   0   137 0   203 0   0   0   275 15  187 0   171 0   0   0   0   0   0   0   15  0   0   32  0   0   0   0   0   0   0   75  0   0   209 246 142 0   51  
0   0   0   0   128 0   0   277 0   283 220 0   294 0   39  23  0   0   317 11  0   201 0   300 74  0   0   17  0   255 0   0   321 100 103 0   0   0   0   0   0   0   0   254 0   0   317 0   0   0   0   195 0   0   197 0   0   0   148 0   0   154 0   0   0   0   0   165 0   0   0   0   100 0   0   77  0   302 0   0   0   289 0   0   0   295 0   261 0   0   0   0   0   43  0   0   0   70  161 0   
0   0   282 0   98  7   67  92  0   0   0   0   245 0   0   175 0   158 0   0   243 0   175 0   0   33  0   117 0   0   0   0   0   0   0   234 0   0   0   0   0   96  266 0   0   0   51  0   0   55  0   70  0   0   0   0   0   134 0   0   0   243 147 53  0   0   208 0   0   223 0   0   0   0   141 0   0   0   0   161 231 0   108 0   0   319 0   0   0   0   0   0   0   0   252 0   0   0   0   40  
0   0   0   0   0   0   0   8   0   0   0   297 38  0   0   179 84  0   218 44  0   0   0   0   53  0   0   0   0   0   0   175 304 0   88  312 0   0   0   0   0   0   0   0   0   0   171 46  0   0   0   0   0   0   0   287 0   0   36  0   0   232 0   321 0   0   181 49  0   0   122 0   0   0   36  0   147 0   19  83  0   0   80  0   0   0   114 0   0   0   0   0   0   12  66  0   0   0   0   247 
0   0   174 0   302 0   192 282 108 137 0   0   0   32  0   0   0   283 0   265 0   205 0   0   0   0   296 91  0   65  0   0   0   184 0   236 0   0   0   104 326 126 0   81  188 0   0   0   235 0   0   210 0   0   0   0   0   259 125 0   0   178 79  0   45  0   70  0   302 87  0   62  0   0   0   0   38  242 0   79  0   192 196 0   0   0   0   0   0   0   56  0   70  0   0   0   0   316 0   0   
253 0   0   0   0   0   0   151 0   0   0   0   0   0   0   0   297 324 104 0   0   185 0   203 220 102 0   231 0   234 0   0   0   1   0   234 156 0   0   212 183 0   90  38  0   0   207 0   150 199 0   0   0   0   0   155 0   0   0   0   0   104 0   0   57  0   49  0   0   237 0   0   0   0   0   0   171 47  0   284 225 0   0   0   0   311 184 88  0   0   18  0   0   179 0   305 0   0   0   94  
153 270 0   0   0   0   178 278 0   0   0   164 0   76  0   296 0   0   216 177 218 0   67  22  21  150 0   0   0   0   0   0   0   0   37  0   22  305 0   153 197 0   0   0   273 167 0   55  85  0   0   0   87  0   0   0   0   298 0   0   0   277 0   0   135 0   0   229 0   0   0   204 70  0   0   0   146 0   0   0   79  95  0   58  326 73  0   0   191 14  0   87  107 0   0   222 0   245 0   0   
0   0   321 256 0   103 0   0   0   0   0   101 168 0   0   0   0   0   0   277 0   0   0   0   249 0   0   0   0   0   0   0   0   0   286 0   0   0   0   149 0   0   0   221 0   186 0   0   0   0   0   0   0   0   0   0   6   0   254 0   0   248 160 0   0   0   19  0   0   0   0   0   0   0   185 108 0   0   239 288 21  0   149 0   0   0   0   0   0   0   96  0   0   0   0   0   0   0   0   0   
0   0   0   0   0   0   110 316 0   0   139 0   0   168 99  0   135 51  242 164 0   0   0   245 0   142 0   0   0   0   0   0   0   0   0   27  0   0   61  84  0   196 0   0   0   0   147 0   39  0   0   175 0   0   0   73  0   0   0   0   13  0   314 81  309 0   0   129 215 0   0   0   0   55  47  0   54  0   0   0   145 138 67  0   0   0   0   0   0   0   0   0   0   182 0   0   0   0   113 0   
0   37  227 0   280 307 123 0   192 266 0   86  0   0   0   0   0   0   0   0   144 0   0   0   220 0   240 0   212 80  0   185 0   0   0   0   0   194 0   0   77  0   0   0   74  0   0   0   160 0   60  0   0   0   0   0   0   0   0   90  0   0   0   290 208 265 0   0   0   0   39  0   0   0   146 260 0   71  300 0   0   0   0   0   0   0   0   0   127 255 0   0   0   289 0   0   0   167 300 0   
169 0   322 0   0   0   0   198 0   0   0   0   0   132 44  255 203 238 0   0   282 307 0   0   227 0   0   247 0   0   183 0   0   0   262 0   0   1   0   0   322 0   0   0   0   0   6   120 0   0   112 0   0   96  216 0   205 0   0   0   0   0   212 0   0   0   0   187 0   0   0   0   0   170 0   0   132 0   0   0   0   0   0   272 0   309 0   0   0   284 19  65  0   0   155 0   0   0   271 0   
0   217 0   0   165 176 0   0   0   0   285 0   68  0   0   0   48  0   0   0   0   0   0   7   0   0   47  0   0   0   245 0   0   0   0   0   0   0   0   0   0   0   27  75  0   0   0   247 36  0   0   0   256 0   0   0   171 0   106 0   0   0   0   0   0   0   0   0   160 0   0   187 261 58  0   0   0   135 78  0   0   0   0   0   293 101 0   0   0   0   129 0   310 0   0   0   0   0   0   0   
0   0   0   0   0   49  297 0   313 0   302 324 0   0   210 0   0   0   0   0   0   171 0   0   314 320 0   0   0   326 0   0   0   284 0   0   0   0   0   57  0   0   0   0   0   0   0   0   0   194 0   165 0   0   0   0   209 297 0   16  0   0   0   280 0   315 0   0   0   0   115 249 0   179 0   0   0   0   0   12  0   246 0   162 251 312 0   0   0   0   91  266 0   0   57  179 310 69  0   183 
0   0   0   0   36  0   0   129 248 0   0   0   0   0   0   85  0   99  0   0   0   241 0   0   106 0   0   0   0   0   228 0   0   294 0   0   0   239 0   0   107 0   61  59  0   0   289 0   0   0   0   0   0   62  0   0   128 197 0   0   134 0   0   0   0   0   0   0   0   0   169 78  0   0   102 0   0   0   308 280 5   122 238 0   0   212 0   0   0   0   26  29  0   198 105 300 38  133 207 64  
0   224 0   0   142 0   0   0   0   20  276 0   0   0   38  80  0   0   0   0   0   29  0   324 0   0   0   176 0   0   0   0   0   0   196 284 117 0   0   285 0   0   0   0   0   4   116 81  0   0   153 0   0   0   0   0   279 0   86  192 0   146 0   0   114 0   0   187 0   0   0   0   0   0   0   0   62  0   0   0   259 0   0   3   0   188 0   310 192 53  0   0   0   0   0   0   303 0   0   179 
0   0   0   9   0   217 138 0   0   0   0   324 0   0   86  0   0   0   0   75  0   0   4   0   220 0   201 0   0   149 48  0   270 0   0   0   0   319 0   0   0   252 327 0   125 0   0   0   0   187 144 0   0   214 61  0   268 79  0   279 0   89  0   0   0   90  0   196 0   0   0   0   0   187 101 0   0   57  229 0   0   251 0   0   0   0   0   0   0   0   0   0   0   221 74  0   0   0   0   178 
0   0   20  0   0   0   0   0   0   0   0   0   276 202 102 0   0   170 0   0   0   0   257 235 281 11  206 0   0   0   136 0   0   0   0   188 0   229 0   0   0   0   58  110 144 160 314 0   0   0   0   0   0   117 0   0   0   0   0   87  35  0   0   0   0   0   215 0   0   0   128 0   283 0   76  0   0   0   0   0   0   0   0   121 0   209 148 91  0   0   0   38  0   228 0   0   0   0   296 0   
287 0   0   0   0   0   0   0   0   204 225 0   43  0   175 0   101 0   0   177 0   0   142 284 145 0   0   201 246 308 0   87  0   0   323 285 0   0   71  0   167 0   0   277 0   229 0   0   0   0   255 0   0   38  0   0   0   0   32  200 0   0   0   0   168 241 259 189 0   0   326 26  0   23  246 0   0   55  0   132 0   35  0   28  172 95  0   100 0   0   214 0   242 3   113 0   0   232 0   0   
0   62  0   0   0   299 0   239 0   0   0   0   0   0   327 211 316 0   87  0   0   0   0   93  0   0   0   0   0   0   0   0   0   230 0   0   0   0   0   0   0   0   0   139 289 0   25  0   0   0   16  0   256 0   0   0   63  119 0   0   0   0   194 0   314 0   0   0   0   0   0   0   0   0   0   66  0   0   0   199 0   0   0   0   206 0   43  0   0   0   314 0   0   0   316 106 211 95  0   0   
0   0   0   0   189 0   81  88  0   0   59  38  0   0   0   0   0   0   0   158 81  248 0   0   0   0   0   198 20  0   0   0   0   0   68  129 0   15  0   217 0   0   0   251 315 0   0   226 0   0   0   0   0   3   0   0   0   34  0   12  230 224 179 0   0   0   0   89  0   56  0   0   0   0   0   0   0   0   197 261 286 308 0   0   0   0   114 109 0   214 34  0   0   237 0   0   0   0   0   0   
0   0   0   109 0   0   304 114 194 0   0   0   175 90  0   230 0   0   0   0   0   0   0   0   0   0   0   0   0   0   0   0   0   0   0   239 289 260 103 0   147 0   3   0   0   0   0   236 0   250 244 0   0   0   0   29  0   0   56  0   0   0   0   51  35  218 0   0   0   0   0   133 133 0   0   0   0   0   313 0   71  0   0   0   0   0   0   0   0   0   0   272 0   0   0   0   0   35  0   0   
0   0   26  95  0   233 0   280 0   0   0   196 0   245 42  0   0   206 0   0   284 0   303 176 0   200 0   31  0   308 96  0   214 0   0   0   0   0   0   105 237 236 316 183 0   0   229 147 0   21  32  0   0   0   56  0   0   226 217 153 0   257 99  0   0   0   0   0   0   120 138 0   196 0   60  0   0   0   0   6   240 0   0   0   52  177 0   0   311 183 56  0   0   0   2   0   0   145 0   194 
202 200 0   0   0   100 137 260 5   225 300 0   83  209 20  0   0   0   0   0   0   0   0   0   0   326 33  256 0   49  0   0   0   0   274 0   0   0   0   0   0   72  92  0   0   0   0   0   41  63  0   89  0   0   144 0   0   0   20  0   0   0   215 0   0   0   273 0   0   0   0   107 0   322 225 0   7   72  216 0   0   273 256 123 0   0   0   85  0   128 210 119 101 288 0   0   324 113 119 0   
0   194 0   0   116 0   25  0   0   186 0   0   77  305 0   0   0   0   0   0   178 0   0   0   0   0   23  0   0   64  309 134 0   211 0   0   0   250 239 0   0   0   217 0   278 0   0   224 0   0   0   119 0   0   26  304 0   27  108 53  11  214 0   0   192 0   0   0   0   279 0   0   29  0   0   75  0   143 0   0   0   0   0   277 0   0   279 0   0   0   0   0   0   20  0   102 0   185 0   184 
0   0   0   0   0   123 0   316 0   0   0   0   316 0   0   0   0   0   0   0   0   270 194 0   0   0   0   0   179 265 0   80  0   73  0   0   306 208 0   0   0   317 0   0   0   217 0   266 2   0   0   0   113 280 23  0   0   0   173 0   0   258 0   327 0   0   0   0   206 0   114 0   286 0   149 159 0   69  6   0   0   0   0   55  266 135 0   0   0   0   0   0   0   5   20  0   137 0   323 69  
280 0   0   0   0   0   174 0   0   0   0   0   10  0   0   187 1   49  0   0   137 271 65  194 148 95  0   0   0   0   0   0   0   20  184 0   0   0   0   106 67  0   121 0   74  6   128 0   116 0   135 205 83  0   0   0   147 0   0   0   7   98  20  275 0   0   0   0   274 149 0   310 0   107 30  0   0   285 0   0   0   301 65  0   0   278 0   97  0   0   215 185 0   0   152 0   0   0   0   0   
